clock 16 0.00 0.00 0.00 0.00 0.00 0.00
clock 32 0.00 59.26 100.00 99.91 99.96 99.96
clock 64 0.00 100.00 100.00 99.92 100.00 100.00
clock 96 0.00 100.00 100.00 99.92 100.00 100.00
lru 16 0.00 0.00 0.00 0.00 0.00 0.00
lru 32 0.00 100.00 100.00 99.92 99.96 99.96
lru 64 0.00 100.00 100.00 99.92 100.00 100.00
lru 96 0.00 100.00 100.00 99.96 100.00 100.00
mru 16 0.00 0.00 0.00 0.00 0.00 0.00
mru 32 0.00 0.00 0.00 0.00 0.00 0.00
mru 64 0.00 0.00 0.00 0.18 8.02 8.02
mru 96 0.00 81.48 81.48 44.05 54.57 64.65
2q 16 0.00 0.00 0.00 0.00 0.00 0.00
2q 32 0.00 0.00 0.00 0.00 0.00 0.00
2q 64 0.00 100.00 100.00 99.92 100.00 100.00
2q 96 0.00 100.00 100.00 99.96 100.00 100.00
